42.3035814 -83.6981235 
42.3029892 -83.6978345 
42.3027674 -83.6977389 
42.3016628 -83.6967145 
42.3016937 -83.6963377 
42.3017177 -83.6958350 
42.3017134 -83.6954730 
42.3016357 -83.6952653 
42.3015192 -83.6951355 
42.3012459 -83.6949391 
42.3009682 -83.6947738 
42.3009187 -83.6947330 
42.3007388 -83.6946190 
42.3006550 -83.6945667 
42.2979000 -83.6972200 
42.2978430 -83.6963630 
42.2856034 -83.7254202 
42.2862041 -83.7251796 
42.2863682 -83.7251826 
42.2857671 -83.7252986 
42.2859482 -83.7252452 
42.2841092 -83.7187707 
42.2843184 -83.7182762 
42.2842157 -83.7186125 
42.2868815 -83.7253554 
42.2865046 -83.7252185 
42.2866951 -83.7252992 
42.2965900 -83.7037010 
42.2960650 -83.7035280 
42.2959190 -83.7033610 
42.2957680 -83.7029430 
42.2957720 -83.7024530 
42.2959400 -83.7023120 
42.2962950 -83.7014920 
42.2962900 -83.7009250 
42.2961740 -83.7001310 
42.2963530 -83.6997880 
42.2966090 -83.6994320 
42.2970390 -83.7043860 
42.2968980 -83.7041420 
42.2971120 -83.7044700 
42.2969920 -83.6986200 
42.2976610 -83.6985380 
42.2982660 -83.6987750 
42.2985880 -83.6988210 
42.2988720 -83.6987720 
42.3000360 -83.6967000 
42.2997250 -83.6968460 
42.2994210 -83.6970020 
42.2992340 -83.6972780 
42.2990600 -83.6985240 
42.3001690 -83.6955510 
42.3001710 -83.6959840 
42.3001230 -83.6964470 
42.3028060 -83.6943380 
42.3013320 -83.6944690 
42.3009690 -83.6945410 
42.3006510 -83.6946770 
42.3004900 -83.6948280 
42.3003060 -83.6952480 
42.3043390 -83.6942810 
42.3033550 -83.6943080 
42.3005642 -83.6944736 
42.3009923 -83.6994839 
42.3009987 -83.6997332 
42.3012004 -83.6991776 
42.3011315 -83.6993075 
42.3014721 -83.6991733 
42.3014770 -83.6997264 
42.3027275 -83.6973871 
42.3027396 -83.6969600 
42.3027607 -83.6973877 
42.3027672 -83.6974477 
42.3027758 -83.6968708 
42.3027766 -83.6969594 
42.3028801 -83.6974494 
42.3028818 -83.6975310 
42.3029240 -83.6975322 
42.3029710 -83.6968819 
42.3031908 -83.6971814 
42.3031973 -83.6968883 
42.3032615 -83.6971808 
42.3033067 -83.6972198 
42.3033287 -83.6974850 
42.3033292 -83.6975316 
42.3033391 -83.6974634 
42.3033561 -83.6972208 
42.3033908 -83.6974698 
42.3034141 -83.6973370 
42.3034444 -83.6972730 
42.3034674 -83.6972247 
42.3027296 -83.6982368
42.3014958 -83.7128322 
42.2949934 -83.7245910 
42.2877738 -83.7084571 
42.2978570 -83.6941429 
42.2914863 -83.7077437 
42.3025313 -83.7013524 
42.2979494 -83.7193287 
42.2948086 -83.7251932 
42.2947823 -83.7207041 
42.2924955 -83.7105643 
42.2891998 -83.7246125 
42.2969139 -83.6948936 
42.2898824 -83.7244837 
42.3043881 -83.6928551 
42.2936601 -83.7257927 
42.2948435 -83.6939857 
42.2874194 -83.7121094 
42.2950606 -83.6939889 
42.2873585 -83.7240546 
42.2876712 -83.7116607 
42.3022933 -83.7105148 
42.3021028 -83.7116735 
42.2959811 -83.7257444 
42.2969020 -83.6927237 
42.2991490 -83.6927210 
42.2955107 -83.7268229 
42.2991049 -83.6941589 
42.2947683 -83.7215750 
42.2876752 -83.7128989 
42.2978608 -83.6948714 
42.3047809 -83.6930053 
42.2976908 -83.7207716 
42.2935693 -83.6939675 
42.2904490 -83.7245696 
42.2925491 -83.7117734 
42.2962949 -83.7246983 
42.2865764 -83.7180986 
42.2874840 -83.7188837 
42.2869689 -83.7249987 
42.2869922 -83.7240613 
42.2843531 -83.7180347 
42.2958616 -83.7216057 
42.2887056 -83.7085788 
42.2906589 -83.7069527 
42.2889278 -83.7085977 
42.2917713 -83.6973183 
42.2977579 -83.7203971 
42.2989263 -83.7167916 
42.2996588 -83.7151926 
42.2989287 -83.6969943 
42.2981370 -83.6969899 
42.2981370 -83.6965399 
42.2987283 -83.6965486 
42.2987283 -83.6961030 
42.2989287 -83.6961030 
42.3008174 -83.6960229 
42.3007533 -83.6957786 
42.3006771 -83.6955519 
42.3005040 -83.6953148 
42.3002872 -83.6951564 
42.3000456 -83.6950906 
42.2998003 -83.6951229 
42.2995728 -83.6952508 
42.2993827 -83.6954628 
42.2992467 -83.6957407 
42.2991767 -83.6960602 
42.2991795 -83.6963994 
42.2992567 -83.6967222 
42.3008244 -83.6960703 
42.2992939 -83.6950688 
42.3010396 -83.6951050 
42.3011794 -83.6951411 
42.3012686 -83.6952256 
42.3013340 -83.6953623 
42.3013548 -83.6955231 
42.3013489 -83.6960579 
42.3013995 -83.6962147 
42.3014530 -83.6963715 
42.3014538 -83.6965206 
42.3014659 -83.6966325 
42.3013863 -83.6968399 
42.3016297 -83.6968047 
42.3011244 -83.6960306 
42.3011776 -83.6960954 
42.3012362 -83.6962142 
42.3012601 -83.6963509 
42.3012345 -83.6964535 
42.3012628 -83.6957823 
42.3011763 -83.6966222 
42.3012335 -83.6964664 
42.3014589 -83.6966213 
42.3014028 -83.6967788 
42.2989480 -83.6981744 
42.2989479 -83.6976607 
42.2982007 -83.6976607 
42.2982007 -83.6976847 
42.2981213 -83.6976847 
42.2981213 -83.6979236 
42.2982043 -83.6979236 
42.2982043 -83.6981169 
42.2988894 -83.6981169 
42.2988894 -83.6981744 
42.3023744 -83.7073934 
42.2935125 -83.6973183 
42.2950712 -83.6926820 
42.2906760 -83.7237327 
42.2924221 -83.7247198 
42.2934062 -83.7248485 
42.2992422 -83.7159865 
42.2999102 -83.6993869 
42.3008124 -83.6992888 
42.3009518 -83.6998202 
42.3015509 -83.6998202 
42.3015509 -83.6991503 
42.3020107 -83.6983477 
42.3030489 -83.6987984 
42.3025532 -83.7007704 
42.2997988 -83.7006616 
42.2993450 -83.7011506 
42.2979944 -83.6982758 
42.2988128 -83.6982689 
42.2988177 -83.6985099 
42.2983023 -83.6985099 
42.2982974 -83.6982732 
42.2979219 -83.6974544 
42.2981606 -83.6974532 
42.2982095 -83.6975061 
42.2989080 -83.6975193 
42.2982266 -83.6971759 
42.2988812 -83.6971593 
42.2982022 -83.6963484 
42.2982129 -83.6962114 
42.2986752 -83.6962234 
42.2986698 -83.6964325 
42.2983604 -83.6964277 
42.2973796 -83.7216475 
42.2876179 -83.7117894 
42.2917610 -83.6999135 
42.2917395 -83.7017601 
42.2901633 -83.7017386 
42.2901363 -83.7033050 
42.2879934 -83.7032192 
42.2879276 -83.7046427 
42.2899206 -83.7117252 
42.2868927 -83.7250297 
42.2897993 -83.7078252 
42.2900513 -83.7072030 
42.2902577 -83.7070326 
42.2904514 -83.7069407 
42.2925718 -83.7105654 
42.2994143 -83.6998676 
42.3008918 -83.6964866 
42.3025515 -83.6980503 
42.3027036 -83.6968310 
42.3024590 -83.6965450 
42.2994480 -83.6971352 
42.2990735 -83.6989622 
42.2988708 -83.6992267 
42.2986698 -83.6999042 
42.2993931 -83.6998542 
42.2998864 -83.6993586 
42.3009565 -83.6994489 
42.3009665 -83.6997777 
42.3015049 -83.6997668 
42.3015117 -83.6990263 
42.3018894 -83.6982655 
42.3032820 -83.6986230 
42.3037552 -83.6968067 
42.3027310 -83.6968015 
42.3026550 -83.6984313 
42.3028797 -83.6997621 
42.2989522 -83.6986344 
42.2982585 -83.6986431 
42.2982456 -83.6981365 
42.2988820 -83.6981299 
42.2988842 -83.6981864 
42.2989535 -83.6981879 
42.2985469 -83.7011289 
42.2977880 -83.7010810 
42.2976329 -83.7008487 
42.2979377 -83.7000583 
42.2981482 -83.6993802 
42.2982147 -83.6989607 
42.2980762 -83.6987434 
42.2981067 -83.6984699 
42.2981760 -83.6984325 
42.2982175 -83.6986123 
42.2983145 -83.6986984 
42.2985362 -83.6987322 
42.2988825 -83.6986797 
42.2989878 -83.6985411 
42.2990127 -83.6981739 
42.2989933 -83.6977644 
42.2990322 -83.6973662 
42.2989433 -83.6971446 
42.2990239 -83.6964684 
42.2992017 -83.6970582 
42.2992211 -83.6975803 
42.2991072 -83.6986021 
42.2990989 -83.6989590 
42.2989572 -83.6990755 
42.2987154 -83.6991468 
42.2986488 -83.6998343 
42.2985606 -83.7001010 
42.2992922 -83.6966414 
42.2992254 -83.6963085 
42.2992500 -83.6959377 
42.2994048 -83.6955335 
42.2996404 -83.6952815 
42.2998866 -83.6951721 
42.3001679 -83.6951911 
42.3004001 -83.6952957 
42.3005724 -83.6955192 
42.3007060 -83.6958283 
42.3007834 -83.6960993 
42.3007693 -83.6964036 
42.3007342 -83.6965368 
42.3005653 -83.6968173 
42.3001715 -83.6970646 
42.2995384 -83.6968649 
42.2987127 -83.6965228 
42.2987144 -83.6961310 
42.2981642 -83.6961291 
42.2981614 -83.6965181 
42.2988941 -83.6973092 
42.2988955 -83.6970082 
42.2983440 -83.6970024 
42.2983440 -83.6972995 
42.2989515 -83.6976510 
42.2989529 -83.6974024 
42.2981386 -83.6974063 
42.2981414 -83.6976529 
42.2991022 -83.6964890 
42.2989599 -83.6958518 
42.2991470 -83.6940935 
42.2991017 -83.6954960 
42.2978845 -83.6940634 
42.2986941 -83.6950883 
42.2988064 -83.6955090 
42.2981279 -83.6951167 
42.2979196 -83.6950155 
42.2978775 -83.6943860 
42.2984918 -83.6941240 
42.3037358 -83.6967660 
42.3027039 -83.6967632 
42.3022390 -83.6961919 
42.3019014 -83.6955632 
42.3017442 -83.6954340 
42.3016105 -83.6951326 
42.3006253 -83.6944867 
42.3006274 -83.6927671 
42.3043834 -83.6928819 
42.3047570 -83.6930054 
42.3034658 -83.6980628 
42.3005951 -83.6945175 
42.2995699 -83.7007465 
42.2991396 -83.7011636 
42.2988107 -83.7010923 
42.2987951 -83.7008635 
42.2989896 -83.7009074 
42.2992595 -83.7007872 
42.2993885 -83.7003649 
42.2993519 -83.7003057 
42.2995386 -83.6997003 
42.2995538 -83.6994034 
42.2992777 -83.7006561 
42.2993366 -83.7004487 
42.2992148 -83.7007750 
42.2990603 -83.7008452 
42.2989692 -83.7008803 
42.2987848 -83.7008228 
42.2986192 -83.7008208 
42.2985830 -83.7003625 
42.2985966 -83.7000931 
42.2985657 -83.7006766 
42.2996305 -83.6995387 
42.2995621 -83.6997300 
42.2997565 -83.6994199 
42.3009000 -83.6995706 
42.3017778 -83.6987946 
42.3017497 -83.6991039 
42.3027525 -83.6977961 
42.3027616 -83.6976260 
42.3027324 -83.6972149 
42.3027376 -83.6977504 
42.3026634 -83.6979111 
42.3021774 -83.6980648 
42.3020410 -83.6980855 
42.3019678 -83.6981281 
42.3028383 -83.6985758 
42.3025128 -83.6982928 
42.3026279 -83.6984772 
42.3022627 -83.6983042 
42.2994747 -83.6988726 
42.2995104 -83.6988256 
42.2995422 -83.6987773 
42.2995660 -83.6987224 
42.2995934 -83.6986633 
42.2995972 -83.6986100 
42.2996093 -83.6985591 
42.2996290 -83.6985127 
42.2996555 -83.6984730 
42.2996877 -83.6984418 
42.2997682 -83.6984095 
42.2998130 -83.6984131 
42.2998559 -83.6984311 
42.2998943 -83.6984625 
42.2999330 -83.6985181 
42.2999547 -83.6985754 
42.2999650 -83.6986382 
42.2999632 -83.6987026 
42.2999493 -83.6987641 
42.2999324 -83.6988045 
42.2999042 -83.6988478 
42.2998693 -83.6988812 
42.2998298 -83.6989031 
42.2997876 -83.6989122 
42.2997450 -83.6989081 
42.2997042 -83.6988909 
42.2996676 -83.6988618 
42.2996368 -83.6988222 
42.2996134 -83.6987742 
42.2995987 -83.6987203 
42.2996582 -83.6988927 
42.2995918 -83.6989007 
42.2994926 -83.6989115 
42.2994296 -83.6989147 
42.2996255 -83.6988592 
42.2996136 -83.6988310 
42.2995987 -83.6988015 
42.2995828 -83.6987760 
42.2995749 -83.6987841 
42.2995640 -83.6988095 
42.2995432 -83.6988377 
42.2995263 -83.6988578 
42.2995164 -83.6988699 
42.2995223 -83.6988806 
42.2995471 -83.6988806 
42.2995779 -83.6988726 
42.2996066 -83.6988726 
42.2996235 -83.6988712 
42.2999315 -83.6988974 
42.2999196 -83.6990717 
42.2999196 -83.6991683 
42.2998402 -83.6991817 
42.2998343 -83.6990959 
42.2998125 -83.6990100 
42.2997708 -83.6989430 
42.2998658 -83.6984004 
42.2998430 -83.6983870 
42.2998033 -83.6983790 
42.2997944 -83.6983749 
42.2997984 -83.6983575 
42.2998291 -83.6983132 
42.2998618 -83.6982422 
42.2998857 -83.6981979 
42.2998956 -83.6982046 
42.2998956 -83.6982261 
42.2998837 -83.6982515 
42.2998767 -83.6982784 
42.2998708 -83.6983414 
42.2998718 -83.6983816 
42.2998747 -83.6983964 
42.2998953 -83.6988225 
42.2998531 -83.6988625 
42.2996764 -83.6985003 
42.2997237 -83.6984618 
42.2998037 -83.6988826 
42.2997522 -83.6988806 
42.2997037 -83.6988568 
42.2996633 -83.6988137 
42.2996349 -83.6987555 
42.2996215 -83.6986882 
42.2996244 -83.6986186 
42.2996433 -83.6985538 
42.2997777 -83.6984469 
42.2998324 -83.6984575 
42.2998812 -83.6984923 
42.2999185 -83.6985473 
42.2999401 -83.6986160 
42.2999432 -83.6986905 
42.2999277 -83.6987621 
42.2998675 -83.6987659 
42.2998392 -83.6987969 
42.2996963 -83.6985548 
42.2997282 -83.6985220 
42.2998052 -83.6988145 
42.2997688 -83.6988169 
42.2997337 -83.6988040 
42.2997033 -83.6987769 
42.2996806 -83.6987384 
42.2996678 -83.6986923 
42.2996663 -83.6986431 
42.2996761 -83.6985957 
42.2997664 -83.6985058 
42.2998065 -83.6985082 
42.2998435 -83.6985289 
42.2998731 -83.6985654 
42.2998917 -83.6986134 
42.2998972 -83.6986670 
42.2998888 -83.6987200 
42.2997240 -83.6984205 
42.2999152 -83.6984883 
42.2998946 -83.6991782 
42.2998618 -83.6991782 
42.2998618 -83.6991259 
42.2998579 -83.6990602 
42.2998301 -83.6989838 
42.2998142 -83.6989462 
42.2998281 -83.6989436 
42.2998549 -83.6989328 
42.2998817 -83.6989114 
42.2999005 -83.6989033 
42.2998985 -83.6991635 
42.3001768 -83.6986388 
42.3000687 -83.6986817 
42.2999992 -83.6987273 
42.3000736 -83.6986160 
42.3000359 -83.6985972 
42.2999863 -83.6985811 
42.2999883 -83.6986053 
42.2999883 -83.6986294 
42.2999893 -83.6986509 
42.3000012 -83.6986549 
42.3000300 -83.6986401 
42.3000627 -83.6986281 
42.3000736 -83.6986281 
42.2998016 -83.6987766 
42.2998016 -83.6987604 
42.2997528 -83.6987602 
42.2997528 -83.6987783 
42.2997156 -83.6987782 
42.2997158 -83.6986868 
42.2997528 -83.6986869 
42.2997528 -83.6987024 
42.2997790 -83.6987025 
42.2997379 -83.6986623 
42.2997790 -83.6986214 
42.2997528 -83.6986208 
42.2997526 -83.6986380 
42.2997147 -83.6986372 
42.2997158 -83.6985439 
42.2997554 -83.6985447 
42.2997552 -83.6985617 
42.2997976 -83.6985626 
42.2997978 -83.6985428 
42.2998424 -83.6985437 
42.2998415 -83.6986207 
42.2997949 -83.6986576 
42.2998420 -83.6987025 
42.2998419 -83.6987767 
42.3025665 -83.6974076 
42.3026503 -83.6971372 
42.3013796 -83.6985924 
42.3013981 -83.6985436 
42.3014277 -83.6985063 
42.3014649 -83.6984847 
42.3015053 -83.6984814 
42.3015971 -83.6985676 
42.3016081 -83.6986125 
42.3016089 -83.6986598 
42.3015993 -83.6987052 
42.3015214 -83.6987938 
42.3014525 -83.6987896 
42.3014219 -83.6987674 
42.3013973 -83.6987342 
42.3013744 -83.6986467 
42.3010976 -83.6994467 
42.3015768 -83.6985291 
42.3016161 -83.6984775 
42.3016646 -83.6984024 
42.3017152 -83.6983180 
42.3017628 -83.6981945 
42.3017728 -83.6981114 
42.3017728 -83.6980122 
42.3017727 -83.6979363 
42.3017500 -83.6982309 
42.3014395 -83.6982294 
42.3013298 -83.6982330 
42.3008816 -83.6991134 
42.3008789 -83.6986434
42.2998390 -83.6992231 
42.3009860 -83.6991115 
42.2999197 -83.6992180 
42.2992134 -83.6983382 
42.3014641 -83.6989216 
42.3014472 -83.6989578 
42.3013807 -83.6990530 
42.3013381 -83.6990839 
42.3012726 -83.6991027 
42.3011595 -83.6991134 
42.3006319 -83.6991241 
42.3002623 -83.6991813 
42.3000322 -83.6992082 
42.2996479 -83.6992422 
42.2994832 -83.6992556 
42.2993999 -83.6992448 
42.2993245 -83.6992126 
42.2992590 -83.6991617 
42.2992035 -83.6990785 
42.2991559 -83.6989766 
42.2991400 -83.6988077 
42.2991559 -83.6985770 
42.2991817 -83.6983409 
42.3003833 -83.6979336
42.3003898 -83.6986402
42.3003911 -83.6991666 
42.3017725 -83.6978892 
42.3017725 -83.6978072 
42.3017727 -83.6976591 
42.3017269 -83.6976610 
42.3016944 -83.6976629 
42.3016117 -83.6976890 
42.3015506 -83.6977586 
42.3015326 -83.6978021 
42.3015088 -83.6978624 
42.3014886 -83.6978982 
42.3020157 -83.6968080 
42.3017471 -83.6969827 
42.3013983 -83.6972169 
42.3012141 -83.6973167 
42.3009787 -83.6974187 
42.3009770 -83.6969307 
42.3009438 -83.6968696 
42.3009110 -83.6968695 
42.3008802 -83.6968887 
42.3008657 -83.6969427 
42.3008701 -83.6971404 
42.3021884 -83.6975514 
42.3009796 -83.6975233 
42.3008723 -83.6975234 
42.2995459 -83.6975425 
42.3007532 -83.6974206 
42.2997351 -83.6972681 
42.2993902 -83.6973038 
42.2992742 -83.6976251 
42.2995597 -83.6972457 
42.2994522 -83.6972587 
42.2993289 -83.6973779 
42.2992972 -83.6974578 
42.3020382 -83.6974214 
42.2995436 -83.6974378 
42.2997056 -83.6982798 
42.2997572 -83.6982369 
42.2998128 -83.6981645 
42.2998584 -83.6980867 
42.2998882 -83.6979794 
42.2998961 -83.6978560 
42.2998802 -83.6977326 
42.2998405 -83.6976200 
42.2998207 -83.6975878 
42.2995469 -83.6975905 
42.2995430 -83.6974081 
42.2994616 -83.6974134 
42.2993803 -83.6974671 
42.2993267 -83.6975127 
42.2992434 -83.6976066 
42.2992255 -83.6977058 
42.2991839 -83.6981108 
42.2991621 -83.6983200 
42.2992553 -83.6983308 
42.2992930 -83.6982986 
42.2993386 -83.6982744 
42.2993882 -83.6982744 
42.2994259 -83.6982932 
42.2994696 -83.6983120 
42.2995211 -83.6983200 
42.2995727 -83.6983200 
42.2996223 -83.6983227 
42.2996620 -83.6983147 
42.2997076 -83.6981296 
42.2996263 -83.6980572 
42.2997076 -83.6978909 
42.2997870 -83.6979633 
42.3003138 -83.6973548 
42.3003186 -83.6972901 
42.3003484 -83.6972311 
42.3003762 -83.6972123 
42.3004436 -83.6971935 
42.3004873 -83.6971747 
42.3005508 -83.6971479 
42.3005924 -83.6971077 
42.3006380 -83.6970460 
42.3006936 -83.6969655 
42.3007313 -83.6969253 
42.3007809 -83.6969119 
42.3008463 -83.6969065 
42.3008701 -83.6969088 
42.3010527 -83.6974182 
42.3026444 -83.6970009 
42.3026102 -83.6968723 
42.3025506 -83.6967620 
42.3024704 -83.6966791 
42.3023761 -83.6966301 
42.3022754 -83.6966192 
42.3021765 -83.6966473 
42.3020875 -83.6967119 
42.3019678 -83.6969241 
42.3019455 -83.6970536 
42.3019503 -83.6971864 
42.3019820 -83.6973122 
42.3020828 -83.6974764 
42.3021336 -83.6975203 
42.3022463 -83.6975698 
42.3023056 -83.6975748 
42.3023647 -83.6975663 
42.3024219 -83.6975445 
42.3024756 -83.6975101 
42.3025243 -83.6974640 
42.2994109 -83.6988368 
42.2995747 -83.6984605 
42.2993956 -83.6983180 
42.2992319 -83.6986944 
42.2998177 -83.6991693 
42.2998177 -83.6991345 
42.2998117 -83.6990889 
42.2997969 -83.6990446 
42.2997780 -83.6990003 
42.2997562 -83.6989641 
42.2997354 -83.6989454 
42.2996887 -83.6989387 
42.2995856 -83.6989387 
42.2995042 -83.6989521 
42.2994497 -83.6989775 
42.2994120 -83.6990138 
42.2993813 -83.6990674 
42.2993733 -83.6991076 
42.2993763 -83.6991452 
42.2993971 -83.6991733 
42.2994299 -83.6991827 
42.2997502 -83.6991827 
42.2998127 -83.6991814 
42.2992642 -83.6990097 
42.2992830 -83.6990124 
42.2993039 -83.6990017 
42.2993237 -83.6989735 
42.2993495 -83.6989172 
42.2993872 -83.6988716 
42.2994447 -83.6988233 
42.2994973 -83.6987764 
42.2995350 -83.6987201 
42.2995618 -83.6986517 
42.2995786 -83.6985645 
42.2996193 -83.6984733 
42.2996997 -83.6983861 
42.2998048 -83.6982332 
42.2998504 -83.6981528 
42.2999010 -83.6980415 
42.2999526 -83.6979476 
42.3000042 -83.6978953 
42.3000895 -83.6978617 
42.3001004 -83.6978430 
42.3001004 -83.6977585 
42.3001341 -83.6977571 
42.3001371 -83.6978322 
42.3001490 -83.6978483 
42.3002462 -83.6978550 
42.3003682 -83.6978470 
42.3006013 -83.6978363 
42.3006321 -83.6978162 
42.3006579 -83.6978376 
42.3007531 -83.6978390 
42.3007818 -83.6978175 
42.3008056 -83.6977893 
42.3008235 -83.6977330 
42.3008324 -83.6976163 
42.3008275 -83.6975707 
42.3004843 -83.6975801 
42.2999962 -83.6975882 
42.2994133 -83.6982869 
42.2992354 -83.6983767 
42.2992057 -83.6985779 
42.2992007 -83.6986825 
42.2991958 -83.6987844 
42.2991977 -83.6988823 
42.2992225 -83.6989682 
42.2992434 -83.6989963 
42.3002789 -83.6972267 
42.3002353 -83.6972589 
42.3001421 -83.6972536 
42.2996739 -83.6971892 
42.2995410 -83.6971758 
42.2994894 -83.6971838 
42.2994378 -83.6972026 
42.2993763 -83.6972375 
42.2993009 -83.6973233 
42.2992573 -83.6974118 
42.2992374 -83.6975111 
42.2991164 -83.6987154 
42.2991263 -83.6989863 
42.2990192 -83.6990962 
42.2990951 -83.6992082 
42.2991263 -83.6992531 
42.2991739 -83.6993282 
42.2992374 -83.6992478 
42.2993128 -83.6993041 
42.2993902 -83.6993309 
42.2998842 -83.6993309 
42.3001520 -83.6993122 
42.3007729 -83.6992317 
42.3008364 -83.6993148 
42.3008582 -83.6993899 
42.3009951 -83.6993926 
42.3014772 -83.6990198 
42.3017370 -83.6985048 
42.3018779 -83.6981615 
42.3019136 -83.6980971 
42.3019969 -83.6980435 
42.3020584 -83.6980166 
42.3023619 -83.6980086 
42.3025226 -83.6979979 
42.3026853 -83.6978074 
42.3027091 -83.6977109 
42.3026635 -83.6969250 
42.3024968 -83.6966487 
42.3023818 -83.6965897 
42.3021973 -83.6966085 
42.3015625 -83.6970350 
42.3014196 -83.6971101 
42.3014097 -83.6971422 
42.3010566 -83.6972898 
42.3010487 -83.6968767 
42.3010189 -83.6968257 
42.3009455 -83.6967748 
42.3008602 -83.6967989 
42.3007313 -83.6968660 
42.3006221 -83.6969625 
42.3007779 -83.6967878 
42.3002141 -83.6972029 
42.2992469 -83.6972977 
42.3014379 -83.6970151 
42.3010861 -83.6972233 
42.3010689 -83.6968205 
42.3009571 -83.6967102 
42.3019326 -83.6967237 
42.3021898 -83.6965646 
42.3008223 -83.6994317 
42.3007628 -83.6993188 
42.2991344 -83.6981300 
42.3002866 -83.6985506 
42.3003154 -83.6985318 
42.3003362 -83.6984983 
42.3003432 -83.6984607 
42.3003412 -83.6984352 
42.3003204 -83.6984138 
42.3003164 -83.6981912 
42.3003223 -83.6981737 
42.3003352 -83.6981630 
42.3003372 -83.6980731 
42.3003293 -83.6980477 
42.3003065 -83.6980195 
42.3002866 -83.6980128 
42.3001468 -83.6980128 
42.3000674 -83.6980356 
42.3000158 -83.6980825 
42.2999732 -83.6981764 
42.2999454 -83.6982622 
42.2999365 -83.6983414 
42.2999365 -83.6984111 
42.2999583 -83.6984594 
42.2999980 -83.6984889 
42.3000793 -83.6985251 
42.3001329 -83.6985358 
42.3002410 -83.6985519 
42.3003223 -83.6991219 
42.3003402 -83.6990964 
42.3003452 -83.6990763 
42.3003461 -83.6990186 
42.3003461 -83.6988255 
42.3003362 -83.6987839 
42.3003114 -83.6987517 
42.3002807 -83.6987356 
42.3001408 -83.6987330 
42.3001061 -83.6987424 
42.3000694 -83.6987665 
42.3000198 -83.6988228 
42.2999821 -83.6988926 
42.2999593 -83.6989475 
42.2999474 -83.6990468 
42.2999494 -83.6991433 
42.2999563 -83.6991755 
42.3001388 -83.6991527 
42.3002817 -83.6991340 
42.3002817 -83.6985358 
42.3002777 -83.6980369 
42.3003293 -83.6980342 
42.3007856 -83.6984768 
42.3004791 -83.6984768 
42.3008104 -83.6980973 
42.3008084 -83.6980691 
42.3007945 -83.6980477 
42.3007737 -83.6980329 
42.3006308 -83.6980356 
42.3004672 -83.6980356 
42.3004513 -83.6980477 
42.3004424 -83.6980785 
42.3008069 -83.6989241 
42.3008069 -83.6988128 
42.3004815 -83.6988087 
42.3004796 -83.6990099 
42.3007970 -83.6990394 
42.3007960 -83.6988235 
42.3004915 -83.6988221 
42.3004885 -83.6990314 
42.3004250 -83.6990273 
42.3004280 -83.6990649 
42.3004627 -83.6990904 
42.3005182 -83.6990904 
42.3006998 -83.6990595 
42.3007880 -83.6990475 
42.3007811 -83.6984587 
42.3007771 -83.6981073 
42.3007990 -83.6981073 
42.3007940 -83.6980711 
42.3007791 -83.6980524 
42.3004875 -83.6980510 
42.3004647 -83.6980537 
42.3004558 -83.6980872 
42.3004796 -83.6980872 
42.3004796 -83.6984614 
42.3011630 -83.6984694 
42.3013088 -83.6980591 
42.3013078 -83.6980296 
42.3011521 -83.6980282 
42.3010697 -83.6980363 
42.3010449 -83.6980711 
42.3010449 -83.6980912 
42.3011491 -83.6984761 
42.3012919 -83.6980658 
42.3012919 -83.6980430 
42.3010955 -83.6980483 
42.3010668 -83.6980564 
42.3010539 -83.6980792 
42.3010539 -83.6980993 
42.3010826 -83.6981020 
42.3010856 -83.6984788 
42.3013981 -83.6989227 
42.3014120 -83.6988892 
42.3014129 -83.6988449 
42.3013991 -83.6987980 
42.3013673 -83.6987538 
42.3013405 -83.6987296 
42.3013207 -83.6987283 
42.3013207 -83.6988047 
42.3010876 -83.6988101 
42.3010856 -83.6989388 
42.3010251 -83.6989402 
42.3010420 -83.6989978 
42.3010648 -83.6990273 
42.3011303 -83.6990421 
42.3012314 -83.6990394 
42.3013048 -83.6990153 
42.3013633 -83.6989683 
42.3015446 -83.6987077 
42.3015251 -83.6987264 
42.3014453 -83.6985590 
42.3014671 -83.6985422 
42.3015023 -83.6987358 
42.3014784 -83.6987349 
42.3014560 -83.6987238 
42.3014374 -83.6987036 
42.3014244 -83.6986765 
42.3014185 -83.6986452 
42.3014203 -83.6986130 
42.3014296 -83.6985832 
42.3014917 -83.6985362 
42.3015164 -83.6985415 
42.3015384 -83.6985577 
42.3015551 -83.6985828 
42.3015647 -83.6986140 
42.3015661 -83.6986478 
42.3015592 -83.6986802 
42.3013048 -83.6984748 
42.3013247 -83.6984828 
42.3014110 -83.6982306 
42.3014397 -83.6981382 
42.3014248 -83.6981275 
42.3015895 -83.6984198 
42.3016530 -83.6983474 
42.3016817 -83.6983031 
42.3016837 -83.6982897 
42.3016778 -83.6982736 
42.3016669 -83.6982642 
42.3014110 -83.6982669 
42.3013266 -83.6984989 
42.3013088 -83.6984936 
42.3013098 -83.6985137 
42.3013217 -83.6985258 
42.3013405 -83.6985271 
42.3013614 -83.6985191 
42.3013911 -83.6984842 
42.3014219 -83.6984520 
42.3014606 -83.6984386 
42.3015201 -83.6984386 
42.3015617 -83.6984386 
42.3017413 -83.6981824 
42.3017502 -83.6981476 
42.3017492 -83.6980336 
42.3017363 -83.6980014 
42.3017036 -83.6979746 
42.3015102 -83.6979840 
42.3014705 -83.6980094 
42.3014417 -83.6980684 
42.3014298 -83.6981127 
42.3014546 -83.6981301 
42.3014328 -83.6982026 
42.3017294 -83.6981932 
42.3017254 -83.6978525 
42.3017413 -83.6978270 
42.3017512 -83.6978016 
42.3017532 -83.6977519 
42.3017442 -83.6977131 
42.3017284 -83.6976956 
42.3016966 -83.6976956 
42.3016560 -83.6977157 
42.3016034 -83.6977519 
42.3015786 -83.6977962 
42.3015786 -83.6978311 
42.3015885 -83.6978539 
42.3016103 -83.6978579 
42.3016857 -83.6978579 
42.3019793 -83.6978472 
42.3018772 -83.6977573 
42.3018533 -83.6977506 
42.3018434 -83.6977600 
42.3018395 -83.6977855 
42.3018405 -83.6978123 
42.3018593 -83.6978405 
42.3018940 -83.6978539 
42.3019545 -83.6978552 
42.3019972 -83.6973764 
42.3012433 -83.6973684 
42.3015211 -83.6972021 
42.3019615 -83.6968749 
42.3019396 -83.6970519 
42.3019535 -83.6972665 
42.3019674 -83.6973255 
42.3008267 -83.6973188 
42.3008267 -83.6971042 
42.3008238 -83.6969835 
42.3008158 -83.6969647 
42.3008019 -83.6969553 
42.3007662 -83.6969553 
42.3007375 -83.6969768 
42.3007146 -83.6969942 
42.3006839 -83.6970412 
42.3006462 -83.6970801 
42.3006164 -83.6971350 
42.3005540 -83.6971860 
42.3005014 -83.6972168 
42.3004310 -83.6972276 
42.3003873 -83.6972396 
42.3003714 -83.6972651 
42.3003655 -83.6973107 
42.3003724 -83.6973241 
42.3007117 -83.6973241 
42.3008128 -83.6973255 
42.3000634 -83.6973563 
42.2995695 -83.6972785 
42.2994762 -83.6972866 
42.2994227 -83.6973161 
42.2993691 -83.6973751 
42.2993334 -83.6974395 
42.2993175 -83.6974985 
42.2993691 -83.6974556 
42.2994524 -83.6973912 
42.2995853 -83.6973912 
42.2998829 -83.6973724 
42.3009859 -83.6991910 
42.3009601 -83.6992472 
42.3009244 -83.6992526 
42.3008967 -83.6992365 
42.3008828 -83.6991937 
42.2985358 -83.7020648 
42.2985259 -83.7017927 
42.2985299 -83.7015969 
42.2985537 -83.7014655 
42.2986093 -83.7013233 
42.2986747 -83.7011731 
42.2986886 -83.7010605 
42.2986866 -83.7009237 
42.2986628 -83.7007869 
42.2986509 -83.7005052 
42.2986589 -83.7002370 
42.2986747 -83.7000975 
42.2987204 -83.6999339 
42.2987680 -83.6997569 
42.2988275 -83.6996416 
42.2989584 -83.6994243 
42.2990715 -83.6992714 
42.2992165 -83.6990980 
42.2992987 -83.6999286 
42.2990884 -83.6996416 
42.2990586 -83.6996147 
42.2989455 -83.6995584 
42.2990586 -83.6993894 
42.2991023 -83.6994484 
42.2992411 -83.6992714 
42.2993225 -83.6993304 
42.2993840 -83.6993519 
42.2994971 -83.6993546 
42.2994891 -83.6996845 
42.3009838 -83.6986441
42.3017726 -83.6979170
42.3018195 -83.6979182 
42.3022626 -83.6979318 
42.3023777 -83.6979331 
42.3024521 -83.6979291 
42.3024917 -83.6979197 
42.3025334 -83.6978929 
42.3025850 -83.6978379 
42.3026306 -83.6977708 
42.3026534 -83.6977199 
42.3026623 -83.6976649 
42.3026633 -83.6976045 
42.3026475 -83.6974476 
42.3026013 -83.6973424 
42.3018168 -83.6976635 
42.3018515 -83.6976743 
42.3019021 -83.6977078 
42.3019913 -83.6977896 
42.3020687 -83.6978540 
42.3014691 -83.6979255 
42.3009800 -83.6979313
42.3008754 -83.6979323
42.3002019 -83.6979344 
42.3001166 -83.6979398 
42.3000651 -83.6979532 
42.3000174 -83.6979774 
42.2999837 -83.6980230 
42.2999579 -83.6980739 
42.2999302 -83.6982000 
42.2999103 -83.6982992 
42.2999004 -83.6983877 
42.2997774 -83.6983341 
42.2998310 -83.6982456 
42.2998806 -83.6981624 
42.3009757 -83.6992287 
42.3026361 -83.6973537 
42.3026274 -83.6972702 
42.3021461 -83.6979023 
42.3022166 -83.6979304 
42.3015693 -83.6977238 
42.3016486 -83.6976746 
42.3015803 -83.6987449 
42.3015536 -83.6987754 
42.3013811 -83.6986927 
42.3015441 -83.6984968 
42.3017326 -83.6982798 
42.3017688 -83.6981570 
42.3019187 -83.6974207 
42.3015797 -83.6971025 
42.3009795 -83.6978296 
42.3009795 -83.6977760 
42.3008738 -83.6977733 
42.3008742 -83.6978271 
42.3000371 -83.6985753 
42.3001105 -83.6986101 
42.3014739 -83.6988945 
42.3014808 -83.6988663 
42.3014838 -83.6988408 
42.3014866 -83.6987986 
42.3013054 -83.6990960 
42.3014174 -83.6990088 
42.3007944 -83.6991134 
42.3007033 -83.6991161 
42.3011926 -83.6986455 
42.3013672 -83.6981206 
42.3013955 -83.6980388 
42.3014124 -83.6979946 
42.3014292 -83.6979691 
42.3014451 -83.6979490 
42.3015910 -83.6977024 
42.3018970 -83.6979182 
42.3018632 -83.6979369 
42.3018354 -83.6979570 
42.3018156 -83.6979785 
42.3017918 -83.6980187 
42.3017728 -83.6980630 
42.3002642 -83.6992391 
42.3002603 -83.6991224 
42.3000291 -83.6991452 
42.3000351 -83.6992659 
42.2991440 -83.6989002 
42.2991202 -83.6992102 
42.2991577 -83.6991667 
42.2991805 -83.6991520 
42.2992034 -83.6991399 
42.2992354 -83.6991263 
42.2992708 -83.6991077 
42.2993174 -83.6990701 
42.2993422 -83.6990366 
42.2993829 -83.6989696 
42.2994067 -83.6989360 
42.3008953 -83.6968742 
42.3009279 -83.6968682 
42.3009589 -83.6968800 
42.3009704 -83.6968987 
42.3007824 -83.6958749 
42.3008013 -83.6959479 
42.3008311 -83.6961298 
42.3008346 -83.6961827 
42.3008336 -83.6962652 
42.3008276 -83.6963524 
42.3008147 -83.6964550 
42.3008108 -83.6964838 
42.3008093 -83.6964999 
42.3008103 -83.6965106 
42.3008137 -83.6965241 
42.3008237 -83.6965355 
42.3008380 -83.6965402 
42.3008494 -83.6965368 
42.3008628 -83.6965281 
42.3008813 -83.6965035 
42.3015608 -83.6983484 
42.3015618 -83.6982300
42.3015628 -83.6981164 
42.3012741 -83.6979287 
42.3005599 -83.6979352 
42.3006165 -83.6992295 
42.3006155 -83.6991270
42.3006145 -83.6990324 
42.3009336 -83.6982685
42.2997890 -83.6975390 
42.2997235 -83.6974352 
42.2993903 -83.6975181 
42.2994438 -83.6974752 
42.2994855 -83.6974483 
42.2995093 -83.6974430 
42.2992652 -83.6976946 
42.2993724 -83.6976039 
42.2994339 -83.6975664 
42.2994736 -83.6975503 
42.2995093 -83.6975422 
42.3020813 -83.6967644 
42.3021706 -83.6967215 
42.3022539 -83.6967054 
42.3023214 -83.6967107 
42.3024007 -83.6967376 
42.3024662 -83.6967885 
42.3025217 -83.6968717 
42.3025614 -83.6969655 
42.3025971 -83.6970970 
42.3022579 -83.6975181 
42.3023511 -83.6974939 
42.3024582 -83.6974322 
42.3025039 -83.6973813 
42.3025475 -83.6973035 
42.3026050 -83.6971420 
42.3022222 -83.6974162 
42.3023372 -83.6973974 
42.3024146 -83.6973464 
42.3024543 -83.6973008 
42.3025098 -83.6971801 
42.3008733 -83.6974188 
42.2990483 -83.6940691 
42.2991307 -83.6934455 
42.2991062 -83.6992278
42.2957852 -83.7262997 
42.3044654 -83.6942648 
42.2935592 -83.6945613 
42.2977359 -83.6948743 
42.3033425 -83.6972943 
42.3033166 -83.6973863 
42.3032706 -83.6974406 
42.3028403 -83.6974238 
42.3028120 -83.6973929 
42.3028180 -83.6970624 
42.3028397 -83.6970213 
42.3031135 -83.6970243 
42.3031433 -83.6970514 
42.3031662 -83.6972354 